2481 102 1191 194 1311 195 1021 2 1002 1 1002 102 1782 103 1172 193 2372 195 1472 3 912 4 2582 50 1462 53 2683 104 1563 184 1923 2 913 39 2133 4 2583 50 1603 52 3353 53 2134 104 1344 2 2584 3 1704 39 2434 82 2014 83 1435 36 3165 6 1405 7 615 8 886 132 2716 135 2576 221 1176 222 2376 5 1406 8 1357 132 2177 27 1757 28 2697 5 617 8 358 135 1858 36 3118 5 888 6 1358 7 358 9 1449 10 1149 122 1849 132 2939 141 3789 143 2699 28 1509 8 14410 11 6610 122 27310 135 33110 143 15610 9 11411 10 6612 13 15712 14 18212 166 18112 167 11612 193 28612 75 20913 111 21413 112 19513 12 15713 14 14313 15 12813 193 13513 79 21213 80 29714 12 18214 13 14314 15 17814 168 16714 203 32314 210 18014 211 37514 217 29714 79 7115 103 18215 13 12815 14 17815 193 17115 80 17915 83 31516 17 14716 172 21616 174 16616 18 27117 130 19917 16 14717 174 17617 175 14017 18 21717 180 19617 19 16218 16 27118 17 21718 19 8718 21 18618 23 23218 24 28419 130 13219 17 16219 18 8719 20 16419 21 13220 19 16420 21 9420 22 13921 18 18621 19 16921 20 9421 23 13821 24 11022 128 31822 130 20222 131 28322 132 26622 20 13922 26 26622 29 35223 18 23223 21 13823 26 18824 18 28424 21 11024 25 12924 26 11125 132 15725 24 12925 26 11425 27 14425 29 17626 122 28626 22 26626 23 18826 24 11126 25 11426 28 22326 29 12027 132 11227 25 14427 28 9627 7 17528 122 9028 26 22328 27 9628 7 26928 9 15029 122 17329 22 35429 25 17629 26 12030 218 29330 245 11830 32 20730 33 15232 245 23032 246 8732 33 7033 123 26333 223 10133 246 10133 30 15233 31 20733 32 24433 34 24433 35 28533 36 16833 37 33633 70 25434 123 26634 137 19034 202 27134 32 15234 35 13034 69 11135 137 10635 32 11335 33 28535 34 13135 36 27035 72 35735 73 27336 135 17336 136 24136 137 27836 140 21436 223 21136 32 33636 33 6836 35 27036 5 31636 8 31137 148 11337 149 11837 38 10637 90 10038 149 18238 37 10638 90 7039 148 11339 149 11839 171 10639 3 21339 4 24339 40 16339 41 14939 45 27439 53 9239 90 10040 39 16340 41 7140 42 9340 51 26240 52 13940 53 16641 39 14941 40 7141 43 11441 45 13241 53 15142 40 9342 43 5442 44 6943 41 11443 42 5443 44 4943 45 8444 42 6944 43 4944 46 6245 39 27445 41 13245 43 8445 46 14045 47 12646 40 27446 42 13246 44 8446 47 14046 48 12647 45 6247 46 14047 48 15947 49 15148 41 34148 46 15148 47 15948 49 15749 48 15750 150 19850 153 24450 184 21350 195 11850 196 20250 2 14650 3 16050 51 14750 52 24850 53 18051 150 18851 184 7051 187 17551 40 26251 50 14751 52 14351 53 22752 139 4052 184 15652 185 17652 187 10752 3 33552 39 27352 50 24852 51 14353 2 26853 3 21353 39 9253 40 16653 50 18053 51 22754 113 17554 114 21254 233 10755 114 36755 128 25755 178 22255 179 5555 233 42655 56 27955 57 12856 118 20656 119 23156 218 21656 244 37156 245 40156 55 27956 57 16057 114 38457 129 11357 218 21957 245 46657 55 12857 56 16058 160 24558 238 14658 240 9258 59 15458 60 20158 61 37358 62 16558 63 18658 65 17858 67 17458 96 28258 97 17959 107 17559 238 20259 58 15459 60 7259 62 26359 63 21259 67 9859 68 26460 107 10960 110 10160 58 20160 59 7260 61 24260 63 21261 102 16961 110 15061 112 7761 193 16761 194 17261 58 37361 60 24261 63 30561 76 25461 77 29162 160 10162 163 17262 181 31562 58 16562 59 26362 63 12763 103 17563 110 24363 164 11263 58 17963 59 15463 60 21263 61 30563 62 12763 76 11463 97 29764 100 15964 107 27664 65 10365 192 39665 237 12265 238 9365 58 17865 64 10365 66 30665 67 7065 68 20066 100 27166 125 18466 127 9766 188 42866 192 8466 244 55866 65 30666 68 19967 58 17467 59 9867 65 7067 68 16568 102 14868 107 23368 109 19468 112 35768 128 13568 59 26468 65 20068 67 19969 123 15669 124 13469 32 25469 34 11169 70 8769 72 12069 73 13470 124 14870 69 8770 71 9870 72 6671 106 21171 109 17571 126 18971 71 9871 72 8172 125 25572 35 35772 69 15072 70 6672 71 8172 73 8572 74 12073 124 25173 165 12273 166 31073 203 33873 35 27373 69 13473 72 8573 74 15374 108 19974 111 26874 126 27674 165 25174 166 16174 167 17674 72 12074 73 15374 75 15375 108 9375 109 17475 12 20975 167 16975 74 15376 110 25876 164 10076 63 11476 77 7976 78 9077 116 17077 165 8377 188 17477 194 21277 196 17077 61 29177 76 7978 194 8678 76 9079 106 25779 14 21279 15 7179 211 18079 212 32979 218 24279 81 12380 13 29780 79 12480 81 9780 82 19081 217 14381 80 9781 82 12682 104 25582 80 12382 81 12682 83 8083 104 19883 105 18583 15 31583 4 14383 82 8084 85 11884 88 9185 84 11885 86 4485 87 13085 88 9886 85 4486 87 17186 88 11887 133 10987 85 13087 86 17187 90 11288 84 9188 85 9888 86 11889 133 6889 148 16989 37 10089 38 7089 87 11289 90 41990 134 15490 182 7890 183 10690 247 4091 92 6791 99 25192 100 37692 239 11092 93 17992 99 28593 91 16593 92 17993 94 5794 91 16794 92 14694 93 5794 95 19094 97 24195 160 14095 94 19095 96 10296 160 5796 58 28296 95 10296 97 18697 160 18697 58 17997 63 29797 94 24197 96 15798 157 25898 158 27998 99 16499 100 15499 157 26599 158 25299 236 15599 239 33199 91 25199 92 28599 98 164100 101 97100 127 367100 147 209100 158 234100 192 236100 236 91100 237 160100 64 159100 66 271100 92 376100 99 154101 100 97101 103 143101 161 115101 164 203101 192 176101 237 125101 58 245101 68 148101 96 57101 97 186102 1 119102 103 119102 193 96102 2 178102 61 167103 102 117103 104 90103 193 177103 2 117103 3 192104 103 90104 105 92104 2 145104 3 156104 4 134104 82 255104 83 198105 104 92105 193 209105 79 217105 80 190105 83 185106 107 193106 108 53106 126 141106 127 131106 71 211107 106 193107 108 209107 109 121107 110 117107 111 109107 59 175107 64 276107 68 233108 106 53108 107 209108 110 249108 222 175108 68 194108 74 199108 75 93109 107 121109 110 133109 111 138109 75 174110 107 117110 108 249110 109 133110 111 216110 112 152110 116 544110 121 271110 156 210110 189 209110 190 201110 60 101110 61 150110 63 243110 76 258111 108 166111 109 138111 110 216111 112 191111 13 214111 167 182111 168 292111 193 286111 68 357111 74 268112 110 152112 111 191112 13 195112 193 154112 61 77113 114 137113 115 229113 116 192113 117 214113 54 175114 113 137114 117 114114 118 119114 178 401114 233 197114 54 212114 55 367114 57 384115 113 229115 116 113115 121 333115 155 302116 113 192116 115 113116 117 90116 120 219116 121 317116 159 271117 113 214117 114 114117 116 90117 118 66117 119 122117 121 381118 114 119118 117 66118 119 109118 56 206119 117 122119 118 109119 120 117119 241 62119 56 231120 116 219120 119 117120 121 145120 243 130121 115 333121 116 317121 117 381121 120 145121 155 181121 159 271121 188 234121 190 388121 243 200122 10 237122 26 286122 28 90122 29 173122 9 184123 124 99123 188 342123 189 260123 244 400123 246 220123 32 263123 69 156124 123 99124 125 50124 126 129124 69 194124 70 148125 124 50125 189 341125 66 184125 72 255126 106 141126 124 129126 127 58126 71 189126 74 276127 106 131127 126 58127 167 380127 66 97127 68 135128 129 174128 130 165128 131 271128 132 472128 179 220128 180 211128 22 318128 55 257129 128 174129 131 139129 218 180129 57 113130 128 165130 131 319130 132 448130 17 199130 175 270130 180 225130 19 132130 22 202131 128 271131 129 139131 130 219131 132 242131 218 241131 219 236131 22 283131 220 215131 71 223132 128 472132 130 448132 131 242132 22 266132 220 120132 25 157132 27 112132 6 271132 7 217132 9 293133 148 169133 170 109133 224 152133 90 68134 149 125134 183 62134 227 322134 89 152135 10 331135 140 138135 141 192135 223 300135 36 173135 6 257135 8 311136 137 175136 138 169136 140 63136 142 194136 36 214137 136 175137 138 177137 165 188137 202 216137 34 190137 35 106137 36 278138 136 169138 137 177138 139 83138 140 175138 142 161138 165 165138 202 112139 138 83139 140 221139 142 105139 202 105140 135 138140 136 63140 139 221140 141 76140 36 214141 135 192141 138 175141 140 70141 142 164141 143 217141 197 190141 9 378142 136 194142 138 110142 141 164142 143 310142 144 76142 197 205142 201 175142 204 231143 10 156143 141 217143 142 310143 197 162143 9 269144 142 76144 197 164144 198 139144 204 202145 146 150145 147 212145 161 193145 181 219145 182 329145 248 279146 145 150146 147 70146 148 145146 248 130147 145 212147 146 70148 133 149148 146 130148 149 156148 224 152148 248 180148 37 113148 90 169149 134 125149 148 156149 162 395149 182 172149 183 97149 248 120149 37 118149 38 182150 151 172150 153 129150 184 157150 195 229150 196 116150 225 243150 235 200150 50 198150 51 188151 150 172151 152 76151 153 92151 225 99151 226 201152 151 76152 153 166152 154 131152 184 227152 185 150152 225 176152 226 169152 227 184153 150 129153 151 92153 152 166153 154 197153 184 94153 50 244154 152 131154 153 197154 185 130154 186 74154 226 258154 227 289155 115 302155 121 181155 156 125155 188 346156 155 125156 157 210156 158 269156 159 110156 190 274157 156 210157 158 81157 98 258157 99 252158 100 234158 156 269158 157 81158 159 196158 190 187158 191 144158 98 279158 99 252159 116 544159 121 271159 156 110159 158 196159 189 209159 190 201160 149 295160 161 115160 162 172160 163 143160 164 203160 181 67160 58 245160 62 101160 95 140160 96 57160 97 186161 145 193161 160 115161 162 73161 163 142161 234 252162 145 193162 149 295162 160 172162 161 73162 181 67162 182 263163 160 143163 161 142163 164 106163 181 185163 234 163163 247 417163 62 172163 63 175164 160 203164 163 106164 234 198164 63 112164 76 100164 77 83165 137 188165 138 165165 202 122165 73 122165 74 251166 12 181166 167 106166 168 129166 202 258166 203 164166 210 207166 73 310166 74 161167 111 182167 12 116167 127 380167 166 106167 168 131167 74 176167 75 169168 111 292168 14 180168 166 129168 167 131168 210 125169 170 98169 171 133169 228 210169 230 176170 169 98170 171 134170 173 109170 176 162170 177 103170 230 173171 169 133171 170 134171 172 98172 16 216172 171 98173 174 138173 175 172173 176 115173 87 109174 171 109174 175 138174 176 172174 177 115175 130 270175 17 140175 173 172175 174 102175 176 137175 180 96176 170 162176 173 115176 175 137176 177 136176 179 139176 180 175177 170 103177 176 136177 178 106177 231 118177 233 249178 114 401178 177 106178 179 196178 231 177178 233 205178 55 222179 128 220179 176 130179 178 196179 180 139179 55 188179 56 188180 128 211180 130 225180 17 196180 175 96180 176 175180 179 139180 18 196181 145 219181 162 67181 163 185181 182 203181 225 345181 234 228182 145 329182 149 172182 162 263182 181 203182 183 106182 234 365182 89 78183 134 62183 149 97183 182 106183 227 273183 89 106184 150 157184 152 227184 153 94184 185 81184 187 176184 235 262184 50 213184 51 70184 52 156185 153 150185 154 74185 184 81185 186 67185 53 176186 154 72186 185 67186 187 97187 184 112187 186 97187 51 175187 52 107188 121 234188 123 342188 155 346188 189 172188 192 347188 243 243188 244 254188 246 308188 66 428189 123 260189 125 341189 159 209189 188 172189 190 160189 192 224190 100 209190 121 388190 147 104190 156 274190 158 144190 159 201190 189 160190 190 104190 192 104191 100 209191 158 144191 190 104191 192 104192 100 236192 101 176192 188 347192 189 224192 190 104192 191 104192 65 396192 66 84193 102 96193 103 177193 105 209193 111 286193 112 154193 12 286193 13 135193 15 171193 194 212193 2 237193 61 167194 1 131194 193 212194 195 132194 196 179194 61 172194 77 212194 78 86195 1 102195 150 229195 194 132195 196 112195 2 147195 50 118196 150 116196 194 179196 195 112196 225 259196 234 311196 50 202196 77 170197 141 190197 142 205197 143 162197 144 164197 182 251197 198 240197 199 251197 200 284198 144 139198 197 240198 199 58198 200 85198 205 162198 206 185198 211 366198 212 311199 197 251199 198 58199 206 173200 197 284200 198 85200 201 142200 207 217201 143 175201 203 247201 204 179201 205 86202 138 216202 139 112202 140 105202 143 175202 166 122202 167 258202 201 247202 203 247202 204 174202 205 86202 35 357203 139 247203 14 323203 166 164203 201 179203 202 174203 207 140203 209 165203 73 338204 142 231204 144 202204 201 86204 205 112204 208 159204 209 230205 198 162205 204 112205 206 156205 208 96205 212 217206 198 185206 199 173206 205 156206 212 153206 213 177207 200 217207 203 140207 208 48207 209 105208 204 159208 205 96208 207 48208 210 170208 211 177208 212 188209 203 165209 204 230209 207 105209 210 32210 14 180210 166 207210 168 125210 208 170210 209 32210 211 195210 217 239210 79 180211 14 375211 198 336211 208 127211 210 195211 212 80211 216 124211 217 162211 79 329212 198 311212 205 217212 206 153212 208 188212 211 80212 213 154212 214 277212 216 118212 217 197213 206 177213 212 154213 214 205213 215 143213 216 184214 212 277214 213 205214 215 164215 213 143215 214 164215 216 96216 211 124216 212 118216 213 184216 215 96216 217 127217 129 180217 131 241217 219 53217 245 291217 30 293217 56 216217 57 219218 14 297218 210 239218 211 162218 212 197218 216 127218 219 53218 79 242218 81 143219 131 236219 218 53219 220 250219 222 88219 223 130220 131 215220 132 120220 219 250220 221 45221 220 45221 222 188221 6 117222 131 223222 219 88222 221 181222 223 107222 6 237223 135 300223 219 130223 222 107223 33 101223 36 211224 133 152224 148 152225 150 243225 151 99225 152 176225 181 345225 182 294225 196 259225 226 188225 234 182225 247 247226 151 201226 152 169226 154 258226 225 188226 227 92226 234 318226 247 107227 134 322227 152 184227 154 289227 183 273227 226 92228 169 210228 229 88228 230 83229 230 20229 231 129229 232 123229 238 88230 169 176230 170 173230 228 83230 229 20230 231 107231 177 118231 178 177231 229 129231 230 107231 233 173232 229 123232 233 169234 161 252234 163 163234 164 198234 181 228234 182 365234 196 311234 225 182234 235 108234 247 362234 77 174235 150 200235 184 262235 234 108236 100 91236 237 87236 238 181236 239 193236 99 155237 100 160237 101 125237 236 87237 238 145237 239 202237 65 122238 237 145238 239 139238 240 78238 58 146238 59 202238 65 93239 236 193239 237 202239 238 139239 240 116239 92 110239 99 331240 238 78240 239 116240 58 92241 119 62241 242 124242 241 124242 243 148242 244 214243 120 130243 121 200243 188 243243 242 148243 244 147244 123 400244 188 254244 242 214244 243 147244 245 117244 246 179244 56 371245 218 291245 244 117245 246 149245 30 118245 31 230245 56 401245 57 466246 123 220246 188 308246 244 179246 245 149246 31 87246 32 101247 163 417247 181 244247 182 120247 187 362247 225 247247 226 107247 234 362247 89 40248 145 279248 148 180248 149 120248 182 124248 183 124